0 0.737500 0.451146 0.118031 0.196667
0 0.214266 0.193729 0.043969 0.064375
0 0.201766 0.270750 0.058625 0.075875
0 0.277195 0.418969 0.069828 0.056438
0 0.847414 0.688562 0.270609 0.331042
0 0.719437 0.725240 0.075000 0.193104
0 0.281938 0.250635 0.100000 0.109187
0 0.175859 0.389083 0.072500 0.072542
0 0.218102 0.510354 0.131109 0.183792
0 0.427195 0.279885 0.087078 0.127479
0 0.264266 0.356323 0.075000 0.087479
0 0.385773 0.674198 0.163016 0.226437
0 0.381891 0.290750 0.062156 0.124125
0 0.049180 0.183396 0.051734 0.066667
