0 0.435383 0.605177 0.346547 0.403562
0 0.918078 0.093740 0.163844 0.187354
0 0.789656 0.024135 0.125781 0.046104
0 0.671125 0.095406 0.161125 0.190688
0 0.534055 0.147135 0.192328 0.243563
0 0.328492 0.178094 0.203453 0.206896
0 0.020695 0.043104 0.036297 0.084042
0 0.104328 0.279885 0.208656 0.394146
0 0.197414 0.103510 0.165609 0.206896
0 0.175000 0.617302 0.218875 0.296563
0 0.740086 0.508042 0.154391 0.170000
0 0.578445 0.433906 0.184578 0.327688
0 0.596117 0.705167 0.147328 0.249542
0 0.437117 0.886208 0.203453 0.220792
0 0.884961 0.290865 0.228453 0.211479
