0 0.661687 0.518385 0.025000 0.032062
0 0.316531 0.613083 0.078812 0.074500
0 0.388367 0.647000 0.048891 0.057208
0 0.359930 0.680927 0.046891 0.103771
0 0.317781 0.701844 0.040406 0.107021
0 0.378875 0.549365 0.050781 0.045979
0 0.325859 0.531604 0.060250 0.047250
0 0.260773 0.697125 0.080078 0.138958
0 0.168102 0.715573 0.125766 0.226437
0 0.411594 0.604594 0.076719 0.087229
0 0.262500 0.530281 0.069906 0.069854
0 0.203719 0.554333 0.124750 0.122583
0 0.660297 0.564375 0.041375 0.055292
0 0.417711 0.718385 0.071547 0.092062
0 0.621078 0.543688 0.023281 0.030000
0 0.592711 0.537417 0.021547 0.028750
0 0.078836 0.549427 0.114641 0.110229
0 0.051289 0.635115 0.099047 0.113812
0 0.078469 0.836781 0.156938 0.319646
