0 0.260469 0.376219 0.079313 0.089656
0 0.332883 0.369898 0.081609 0.102297
0 0.409320 0.406109 0.108047 0.135625
0 0.520820 0.473344 0.105734 0.136781
0 0.661625 0.566453 0.125281 0.152875
0 0.730016 0.428523 0.066656 0.056328
0 0.788633 0.476789 0.066672 0.065516
0 0.839211 0.559555 0.066672 0.058609
0 0.888062 0.640586 0.033344 0.022984
0 0.921969 0.672203 0.066656 0.051719
0 0.980531 0.726219 0.034594 0.070125
0 0.188055 0.327375 0.086203 0.074719
0 0.173695 0.246906 0.082766 0.083906
0 0.090359 0.205531 0.079312 0.086219
