0 0.071789 0.421124 0.087422 0.158642
0 0.527781 0.362506 0.031281 0.052412
0 0.951562 0.376300 0.061656 0.102061
0 0.162438 0.608712 0.049687 0.089649
0 0.981469 0.514906 0.033125 0.053794
0 0.861375 0.397681 0.113188 0.194473
0 0.411367 0.581815 0.048766 0.085504
0 0.419625 0.469403 0.026750 0.051030
0 0.231914 0.310094 0.142641 0.270351
0 0.433914 0.272166 0.099391 0.186206
0 0.770727 0.478361 0.136203 0.267588
0 0.698945 0.356979 0.042328 0.055176
0 0.871039 0.809403 0.092016 0.113091
0 0.387437 0.457670 0.028531 0.035855
0 0.802484 0.730082 0.063500 0.108970
0 0.131148 0.410094 0.031297 0.040000
0 0.288055 0.493536 0.137109 0.217939
0 0.393422 0.495597 0.031281 0.040000
0 0.068109 0.519742 0.081906 0.091054
0 0.650180 0.472155 0.023922 0.040000
