0 0.253539 0.405269 0.095703 0.157237
0 0.588977 0.163185 0.127922 0.175176
0 0.611531 0.330773 0.160125 0.347588
0 0.693891 0.567330 0.173937 0.332412
0 0.305086 0.238372 0.097547 0.171030
0 0.221797 0.285269 0.085594 0.184824
0 0.277469 0.542506 0.086500 0.128290
0 0.559531 0.832845 0.157375 0.273091
0 0.675023 0.883876 0.152766 0.228970
0 0.854469 0.670773 0.141719 0.194473
0 0.802016 0.844567 0.138031 0.230351
0 0.895883 0.904567 0.130672 0.184824
0 0.588977 0.163185 0.127922 0.175176
0 0.611531 0.330773 0.160125 0.347588
0 0.693891 0.567330 0.173937 0.332412
0 0.305086 0.238372 0.097547 0.171030
0 0.221797 0.285269 0.085594 0.184824
0 0.277469 0.542506 0.086500 0.128290
0 0.559531 0.832845 0.157375 0.273091
0 0.675023 0.883876 0.152766 0.228970
0 0.253539 0.405269 0.095703 0.157237
0 0.854469 0.670773 0.141719 0.194473
0 0.802016 0.844567 0.138031 0.230351
0 0.895883 0.904567 0.130672 0.184824
