0 0.047539 0.043802 0.094141 0.084146
0 0.194437 0.161740 0.278281 0.317229
0 0.525469 0.619667 0.079656 0.115875
0 0.580305 0.563115 0.092078 0.118604
0 0.813578 0.904312 0.107594 0.191375
0 0.289094 0.502427 0.109656 0.220688
0 0.330992 0.744500 0.145859 0.282750
0 0.360477 0.195531 0.074484 0.059312
0 0.295305 0.330010 0.093109 0.115854
0 0.348055 0.248625 0.074484 0.093792
0 0.890125 0.500354 0.120000 0.202750
0 0.835820 0.701740 0.106547 0.191729
0 0.795477 0.799667 0.104484 0.175167
0 0.727203 0.921042 0.079656 0.092417
0 0.620125 0.976042 0.088969 0.047917
0 0.703922 0.967073 0.086906 0.065854
0 0.354266 0.925698 0.080688 0.148604
0 0.424617 0.913281 0.084828 0.173437
0 0.397719 0.661729 0.130344 0.224833
0 0.608750 0.786563 0.246219 0.350333
0 0.791336 0.443115 0.116891 0.206896
0 0.469609 0.656219 0.079656 0.106188
